prog -18 -1 1
prueba -24 -2 1
; -32 -1 1
int -15 -1 2
c -24 -2 2
, -47 -1 2
d -24 -2 2
; -32 -1 2
double -7 -1 3
e -24 -2 3
; -32 -1 3
begin -1 -1 4
c -24 -2 5
= -33 -1 5
5 -52 -1 5
+ -26 -1 5
3 -52 -1 5
; -32 -1 5
d -24 -2 6
= -33 -1 6
10 -52 -1 6
; -32 -1 6
while -23 -1 7
( -41 -1 7
c -24 -2 7
> -34 -1 7
d -24 -2 7
) -42 -1 7
begin -1 -1 8
e -24 -2 9
= -33 -1 9
c -24 -2 9
/ -29 -1 9
d -24 -2 9
; -32 -1 9
c -24 -2 10
= -33 -1 10
c -24 -2 10
+ -26 -1 10
1 -52 -1 10
; -32 -1 10
end -9 -1 11
